WOFS 20170519 2100 4
WOFS 20170519 2200 6
WOFS 20170519 0000 4
WOFS 20170519 0200 7
WOFS 20170519 0300 7
WOFS 20170511 0100 8
WOFS 20170511 0200 4
WOFS 20170515 0300 4
WOFS 20180629 0100 4
WOFS 20180629 0200 8
WOFS 20180509 0000 5
WOFS 20180509 0100 5
WOFS 20180509 0200 6
WOFS 20180509 0300 5
WOFS 20170527 2100 4
WOFS 20170527 2200 5
WOFS 20170527 2300 4
WOFS 20170527 0000 4
WOFS 20170527 0100 6
WOFS 20170527 0200 5
WOFS 20170527 0300 9
WOFS 20170518 2200 6
WOFS 20170518 2300 8
WOFS 20170518 0000 6
WOFS 20170518 0100 6
WOFS 20180720 0100 6
WOFS 20180720 0200 4
WOFS 20180503 0000 4
WOFS 20180624 2000 7
WOFS 20180624 2200 4
WOFS 20170504 1900 4
WOFS 20170504 0200 10
WOFS 20170504 0300 6
WOFS 20180529 0100 6
WOFS 20180630 0100 5
WOFS 20180630 0200 4
WOFS 20180630 0300 6
WOFS 20170501 2200 4
WOFS 20170501 0000 4
WOFS 20180712 0000 4
WOFS 20180712 0200 4
WOFS 20180718 0100 5
WOFS 20180502 0100 6
WOFS 20180502 0300 4
WOFS 20170503 1900 4
WOFS 20170503 2200 4
WOFS 20170503 0000 5
WOFS 20170516 0200 5
WOFS 20180514 0200 6
WOFS 20180514 0300 6
WOFS 20170517 0000 7
WOFS 20170517 0100 4
WOFS 20170517 0200 4
WOFS 20180625 2000 5
WOFS 20180501 0100 4
WOFS 20170525 2300 4

